0	0	0	0	0	0	1	0	0	0	0	0	0	0	0	0	0	0	0	0
0	0	0	0	0	0	0	2	0	0	0	0	0	0	0	0	0	0	0	0
0	0	4	0	0	0	0	3	0	0	0	0	0	0	0	0	0	0	0	0
0	0	6	0	0	0	0	0	5	5	5	5	5	0	0	0	0	0	0	0
0	0	0	0	0	0	0	0	7	8	9	10	11	0	0	0	0	0	0	0
0	0	0	0	0	0	0	0	0	0	0	0	0	12	0	0	0	0	0	0
14	0	15	0	0	0	0	0	0	0	0	0	0	0	13	13	13	13	13	13
16	16	17	0	0	0	0	0	0	0	0	0	0	0	0	0	0	0	0	0
19	18	0	0	0	0	0	0	0	0	0	0	0	0	0	0	0	0	0	0
0	0	21	0	0	20	0	0	0	0	0	0	0	0	0	0	0	0	0	0
22	24	26	23	25	0	0	0	0	0	0	0	0	0	0	0	0	0	0	0
0	0	0	0	0		0	0	0	0	0	0	0	0	27	28	29	30	31	32
33	0	0	0	0	0	0	0	0	0	0	0	0	0	0	0	0	0	0	0
